Med	Gen	Rep	Perm	FY
1	1	1	1	1.26
1	1	2	2	1.66
1	1	3	3	1.14
1	1	4	4	1.87
1	2	1	5	4.31
1	2	2	6	2.49
1	2	3	7	1.58
1	2	4	8	3
1	3	1	9	3.56
1	3	2	10	0.53
1	3	3	11	1.71
1	3	4	12	5.49
1	4	1	13	4.64
1	4	2	14	2.35
1	4	3	15	4.26
1	4	4	16	4.22
1	5	1	17	2.47
1	5	2	18	0.84
1	5	3	19	3.89
1	5	4	20	2.91
1	6	1	21	2
1	6	2	22	2.74
1	6	3	23	0.94
1	6	4	24	1.54
1	7	1	25	0.88
1	7	2	26	0.31
1	7	3	27	2.48
1	7	4	28	1.29
1	8	1	29	0.92
1	8	2	30	0.98
1	8	3	31	0.54
1	8	4	32	1.36
1	9	1	33	0.03
1	9	2	34	NA
1	9	3	35	NA
1	9	4	36	0.1
1	10	1	37	0.29
1	10	2	38	2.25
1	10	3	39	2.8
1	10	4	40	NA
1	11	1	41	1.84
1	11	2	42	2.55
1	11	3	43	3.48
1	11	4	44	1.8
1	12	1	45	0.98
1	12	2	46	0.45
1	12	3	47	0.2
1	12	4	48	0.08
1	13	1	49	2.24
1	13	2	50	1.81
1	13	3	51	3.19
1	13	4	52	3.4
1	14	1	53	2.17
1	14	2	54	1.88
1	14	3	55	2.44
1	14	4	56	2.65
1	15	1	57	3.34
1	15	2	58	2.66
1	15	3	59	3.65
1	15	4	60	3.25
1	16	1	61	2.13
1	16	2	62	4.46
1	16	3	63	1.81
1	16	4	64	1.59
1	17	1	65	0.56
1	17	2	66	3.85
1	17	3	67	4.2
1	17	4	68	3.52
1	18	1	69	4.84
1	18	2	70	3.35
1	18	3	71	0.5
1	18	4	72	2.5
1	19	1	73	2.69
1	19	2	74	2.88
1	19	3	75	2.72
1	19	4	76	0.06
1	20	1	77	1.83
1	20	2	78	2.22
1	20	3	79	0.47
1	20	4	80	0.11
1	21	1	81	1.28
1	21	2	82	0.34
1	21	3	83	NA
1	21	4	84	0.31
1	22	1	85	2.31
1	22	2	86	3.56
1	22	3	87	3.04
1	22	4	88	0.06
1	23	1	89	5.5
1	23	2	90	2.35
1	23	3	91	5.73
1	23	4	92	3.49
1	24	1	93	0.94
1	24	2	94	2.34
1	24	3	95	0.48
1	24	4	96	NA
2	1	1	1	1.55
2	1	2	2	2.14
2	1	3	3	5.07
2	1	4	4	2.86
2	2	1	5	1.14
2	2	2	6	1.19
2	2	3	7	1.41
2	2	4	8	1.36
2	3	1	9	0.8
2	3	2	10	5.83
2	3	3	11	3.2
2	3	4	12	1.88
2	4	1	13	1.78
2	4	2	14	2.86
2	4	3	15	3.79
2	4	4	16	3.2
2	5	1	17	0.71
2	5	2	18	0.17
2	5	3	19	1.31
2	5	4	20	0.45
2	6	1	21	1.95
2	6	2	22	1.86
2	6	3	23	2.15
2	6	4	24	1.09
2	7	1	25	0.45
2	7	2	26	0.21
2	7	3	27	1.39
2	7	4	28	0.35
2	8	1	29	2.13
2	8	2	30	NA
2	8	3	31	0.18
2	8	4	32	0.16
2	9	1	33	0.11
2	9	2	34	0.61
2	9	3	35	NA
2	9	4	36	0.03
2	10	1	37	0.95
2	10	2	38	0.92
2	10	3	39	2.45
2	10	4	40	NA
2	11	1	41	1.62
2	11	2	42	1.05
2	11	3	43	0.14
2	11	4	44	1.21
2	12	1	45	1.3
2	12	2	46	NA
2	12	3	47	0.12
2	12	4	48	0.13
2	13	1	49	2.71
2	13	2	50	0.52
2	13	3	51	2.26
2	13	4	52	0.47
2	14	1	53	2.44
2	14	2	54	0.82
2	14	3	55	1.55
2	14	4	56	0.21
2	15	1	57	1.77
2	15	2	58	1.55
2	15	3	59	1.87
2	15	4	60	1.09
2	16	1	61	0.96
2	16	2	62	1.1
2	16	3	63	0.65
2	16	4	64	0.21
2	17	1	65	0.31
2	17	2	66	0.56
2	17	3	67	0.76
2	17	4	68	0.84
2	18	1	69	0.52
2	18	2	70	6.93
2	18	3	71	1.1
2	18	4	72	2.65
2	19	1	73	1.31
2	19	2	74	1.25
2	19	3	75	1.39
2	19	4	76	0.16
2	20	1	77	0.19
2	20	2	78	0.24
2	20	3	79	0.07
2	20	4	80	NA
2	21	1	81	NA
2	21	2	82	NA
2	21	3	83	NA
2	21	4	84	0.07
2	22	1	85	1.94
2	22	2	86	2.41
2	22	3	87	2.9
2	22	4	88	0.85
2	23	1	89	0.84
2	23	2	90	0.78
2	23	3	91	0.86
2	23	4	92	1.74
2	24	1	93	0.2
2	24	2	94	0.25
2	24	3	95	1.18
2	24	4	96	NA
3	1	1	1	2.13
3	1	2	2	5.95
3	1	3	3	5
3	1	4	4	3.53
3	2	1	5	4.22
3	2	2	6	5.52
3	2	3	7	1.06
3	2	4	8	1.87
3	3	1	9	3.58
3	3	2	10	4.32
3	3	3	11	4.99
3	3	4	12	2.74
3	4	1	13	2.55
3	4	2	14	0.94
3	4	3	15	3.74
3	4	4	16	4.69
3	5	1	17	0.24
3	5	2	18	1.22
3	5	3	19	0.77
3	5	4	20	1.2
3	6	1	21	2.89
3	6	2	22	2.25
3	6	3	23	1.94
3	6	4	24	2.23
3	7	1	25	1.88
3	7	2	26	3.13
3	7	3	27	3.09
3	7	4	28	1.84
3	8	1	29	1.56
3	8	2	30	0.23
3	8	3	31	1.21
3	8	4	32	0.28
3	9	1	33	0.38
3	9	2	34	0.29
3	9	3	35	0.13
3	9	4	36	0.31
3	10	1	37	0.63
3	10	2	38	1.41
3	10	3	39	1.58
3	10	4	40	0.2
3	11	1	41	4.29
3	11	2	42	3.64
3	11	3	43	5.94
3	11	4	44	3.63
3	12	1	45	2.52
3	12	2	46	1.16
3	12	3	47	1.3
3	12	4	48	0.95
3	13	1	49	4.42
3	13	2	50	1.87
3	13	3	51	1.78
3	13	4	52	1.4
3	14	1	53	1.77
3	14	2	54	2.04
3	14	3	55	1.86
3	14	4	56	2.52
3	15	1	57	6.07
3	15	2	58	7.15
3	15	3	59	5.75
3	15	4	60	3.34
3	16	1	61	0.68
3	16	2	62	4.15
3	16	3	63	1.6
3	16	4	64	0.6
3	17	1	65	0.36
3	17	2	66	1.72
3	17	3	67	0.6
3	17	4	68	1.03
3	18	1	69	3.59
3	18	2	70	4.69
3	18	3	71	1.78
3	18	4	72	3.21
3	19	1	73	4.15
3	19	2	74	2.81
3	19	3	75	2.76
3	19	4	76	3.19
3	20	1	77	0.78
3	20	2	78	2.03
3	20	3	79	0.21
3	20	4	80	0.27
3	21	1	81	NA
3	21	2	82	0.13
3	21	3	83	0.3
3	21	4	84	NA
3	22	1	85	3.47
3	22	2	86	3.11
3	22	3	87	2.1
3	22	4	88	2.46
3	23	1	89	5.04
3	23	2	90	5.57
3	23	3	91	3.21
3	23	4	92	2.32
3	24	1	93	4.24
3	24	2	94	1.2
3	24	3	95	1.66
3	24	4	96	0.12
4	1	1	1	6.22
4	1	2	2	5.37
4	1	3	3	5.49
4	1	4	4	4.85
4	2	1	5	3.79
4	2	2	6	6.77
4	2	3	7	3.82
4	2	4	8	3.67
4	3	1	9	8.96
4	3	2	10	8.72
4	3	3	11	6.81
4	3	4	12	11.59
4	4	1	13	5.77
4	4	2	14	7.28
4	4	3	15	7.7
4	4	4	16	5.1
4	5	1	17	3.28
4	5	2	18	0.85
4	5	3	19	1.7
4	5	4	20	3.22
4	6	1	21	1.4
4	6	2	22	6.23
4	6	3	23	4.61
4	6	4	24	4.6
4	7	1	25	6.04
4	7	2	26	7.64
4	7	3	27	3.88
4	7	4	28	5.97
4	8	1	29	2.97
4	8	2	30	1.76
4	8	3	31	0.93
4	8	4	32	1.24
4	9	1	33	NA
4	9	2	34	0.17
4	9	3	35	0.58
4	9	4	36	0.29
4	10	1	37	2.42
4	10	2	38	3.2
4	10	3	39	6.15
4	10	4	40	3.52
4	11	1	41	3.28
4	11	2	42	5.2
4	11	3	43	7.38
4	11	4	44	10.21
4	12	1	45	2.57
4	12	2	46	3.78
4	12	3	47	4.2
4	12	4	48	1.27
4	13	1	49	3.01
4	13	2	50	4.2
4	13	3	51	7.95
4	13	4	52	2.79
4	14	1	53	5.17
4	14	2	54	6.3
4	14	3	55	5.75
4	14	4	56	4.99
4	15	1	57	9.13
4	15	2	58	12.56
4	15	3	59	8.12
4	15	4	60	4.08
4	16	1	61	6.46
4	16	2	62	9.2
4	16	3	63	5.11
4	16	4	64	2
4	17	1	65	3.65
4	17	2	66	3.95
4	17	3	67	7.4
4	17	4	68	6.98
4	18	1	69	8.99
4	18	2	70	20.47
4	18	3	71	7.32
4	18	4	72	7.27
4	19	1	73	4.49
4	19	2	74	7.36
4	19	3	75	10.03
4	19	4	76	3.96
4	20	1	77	4.79
4	20	2	78	1.98
4	20	3	79	2.59
4	20	4	80	1.18
4	21	1	81	NA
4	21	2	82	2.16
4	21	3	83	NA
4	21	4	84	2.96
4	22	1	85	7.29
4	22	2	86	2.32
4	22	3	87	7.14
4	22	4	88	8.46
4	23	1	89	6.44
4	23	2	90	3.23
4	23	3	91	12.99
4	23	4	92	1.72
4	24	1	93	2.12
4	24	2	94	4.9
4	24	3	95	6.93
4	24	4	96	1.93
5	1	1	1	7.52
5	1	2	2	4.31
5	1	3	3	4.66
5	1	4	4	6.54
5	2	1	5	6.89
5	2	2	6	3.5
5	2	3	7	6.17
5	2	4	8	5.46
5	3	1	9	4.86
5	3	2	10	6.91
5	3	3	11	7.92
5	3	4	12	4.53
5	4	1	13	6.48
5	4	2	14	3.6
5	4	3	15	8.52
5	4	4	16	6.96
5	5	1	17	2.61
5	5	2	18	2.23
5	5	3	19	2.53
5	5	4	20	4.93
5	6	1	21	3.18
5	6	2	22	1.75
5	6	3	23	2.05
5	6	4	24	6.42
5	7	1	25	4.22
5	7	2	26	1.46
5	7	3	27	6.12
5	7	4	28	2.65
5	8	1	29	4.23
5	8	2	30	1.24
5	8	3	31	1.64
5	8	4	32	1.29
5	9	1	33	0.54
5	9	2	34	0.08
5	9	3	35	0.19
5	9	4	36	0.58
5	10	1	37	1.96
5	10	2	38	2.62
5	10	3	39	3.48
5	10	4	40	1.8
5	11	1	41	8.34
5	11	2	42	7.84
5	11	3	43	8.32
5	11	4	44	10.89
5	12	1	45	1.64
5	12	2	46	1.03
5	12	3	47	2.21
5	12	4	48	1.22
5	13	1	49	4.11
5	13	2	50	2.94
5	13	3	51	4.5
5	13	4	52	7.22
5	14	1	53	7.53
5	14	2	54	6.17
5	14	3	55	6.25
5	14	4	56	4.19
5	15	1	57	5.85
5	15	2	58	10.86
5	15	3	59	7.34
5	15	4	60	10.5
5	16	1	61	7.51
5	16	2	62	4.32
5	16	3	63	6.3
5	16	4	64	4.93
5	17	1	65	0.38
5	17	2	66	8.03
5	17	3	67	4.22
5	17	4	68	4.19
5	18	1	69	0.68
5	18	2	70	6.75
5	18	3	71	2.32
5	18	4	72	9.03
5	19	1	73	4.31
5	19	2	74	5.7
5	19	3	75	6.85
5	19	4	76	8.19
5	20	1	77	2.95
5	20	2	78	1.84
5	20	3	79	2.5
5	20	4	80	2.42
5	21	1	81	1.27
5	21	2	82	0.18
5	21	3	83	0.65
5	21	4	84	1.08
5	22	1	85	3.87
5	22	2	86	1.38
5	22	3	87	10.11
5	22	4	88	7.72
5	23	1	89	3.75
5	23	2	90	3.29
5	23	3	91	4.64
5	23	4	92	3.66
5	24	1	93	6.01
5	24	2	94	1.63
5	24	3	95	2.89
5	24	4	96	3.91
6	1	1	1	2.9
6	1	2	2	7.5
6	1	3	3	6.3
6	1	4	4	5.14
6	2	1	5	3.63
6	2	2	6	5.43
6	2	3	7	4.63
6	2	4	8	3.37
6	3	1	9	4.85
6	3	2	10	6.9
6	3	3	11	10.95
6	3	4	12	4.17
6	4	1	13	5.53
6	4	2	14	4.53
6	4	3	15	10.95
6	4	4	16	3.95
6	5	1	17	6.4
6	5	2	18	2.3
6	5	3	19	3.65
6	5	4	20	3.9
6	6	1	21	5.9
6	6	2	22	3.47
6	6	3	23	4.63
6	6	4	24	3.08
6	7	1	25	4.24
6	7	2	26	6.23
6	7	3	27	8.39
6	7	4	28	8.39
6	8	1	29	5.63
6	8	2	30	3.85
6	8	3	31	5.7
6	8	4	32	3.43
6	9	1	33	0.85
6	9	2	34	1.43
6	9	3	35	0.16
6	9	4	36	0.83
6	10	1	37	2.48
6	10	2	38	2.52
6	10	3	39	4.77
6	10	4	40	1.45
6	11	1	41	5.87
6	11	2	42	6.9
6	11	3	43	9.42
6	11	4	44	12.65
6	12	1	45	2.22
6	12	2	46	2.69
6	12	3	47	2.98
6	12	4	48	1.97
6	13	1	49	3.95
6	13	2	50	5.3
6	13	3	51	7.3
6	13	4	52	5.25
6	14	1	53	2.07
6	14	2	54	7.17
6	14	3	55	10.93
6	14	4	56	4.37
6	15	1	57	11.05
6	15	2	58	8.93
6	15	3	59	5.83
6	15	4	60	8.17
6	16	1	61	8.17
6	16	2	62	5.63
6	16	3	63	7.57
6	16	4	64	3.55
6	17	1	65	2.45
6	17	2	66	9.05
6	17	3	67	8.95
6	17	4	68	11.15
6	18	1	69	8.78
6	18	2	70	8.55
6	18	3	71	8.13
6	18	4	72	8.78
6	19	1	73	6.37
6	19	2	74	3.8
6	19	3	75	7.47
6	19	4	76	7.88
6	20	1	77	6.6
6	20	2	78	10.8
6	20	3	79	5.28
6	20	4	80	NA
6	21	1	81	0.67
6	21	2	82	0.59
6	21	3	83	1.15
6	21	4	84	0.88
6	22	1	85	8.63
6	22	2	86	9.47
6	22	3	87	5.63
6	22	4	88	8.25
6	23	1	89	9.66
6	23	2	90	10.43
6	23	3	91	8.28
6	23	4	92	8.43
6	24	1	93	1.82
6	24	2	94	3.17
6	24	3	95	3.38
6	24	4	96	7.3
7	1	1	1	10.76
7	1	2	2	3.76
7	1	3	3	10.23
7	1	4	4	5.49
7	2	1	5	9.74
7	2	2	6	8.49
7	2	3	7	10.43
7	2	4	8	6.63
7	3	1	9	15.08
7	3	2	10	3.03
7	3	3	11	6.76
7	3	4	12	4.63
7	4	1	13	11.96
7	4	2	14	11.49
7	4	3	15	12.16
7	4	4	16	9.83
7	5	1	17	4.94
7	5	2	18	1.03
7	5	3	19	6.54
7	5	4	20	1.23
7	6	1	21	0.8
7	6	2	22	4.28
7	6	3	23	2.96
7	6	4	24	2.94
7	7	1	25	3.43
7	7	2	26	12.09
7	7	3	27	10.79
7	7	4	28	4.29
7	8	1	29	5.96
7	8	2	30	NA
7	8	3	31	1.76
7	8	4	32	0.96
7	9	1	33	0.28
7	9	2	34	2.49
7	9	3	35	NA
7	9	4	36	0.08
7	10	1	37	2.83
7	10	2	38	12.69
7	10	3	39	4.49
7	10	4	40	0.49
7	11	1	41	2.03
7	11	2	42	11.36
7	11	3	43	3.03
7	11	4	44	5.36
7	12	1	45	0.96
7	12	2	46	2.23
7	12	3	47	0.76
7	12	4	48	0.08
7	13	1	49	12.69
7	13	2	50	8.63
7	13	3	51	14.29
7	13	4	52	5.49
7	14	1	53	11.03
7	14	2	54	12.16
7	14	3	55	8.69
7	14	4	56	6.56
7	15	1	57	7.83
7	15	2	58	6.63
7	15	3	59	19.14
7	15	4	60	7.96
7	16	1	61	11.96
7	16	2	62	11.49
7	16	3	63	6.69
7	16	4	64	2.73
7	17	1	65	3.04
7	17	2	66	2.84
7	17	3	67	1.83
7	17	4	68	4.43
7	18	1	69	8.43
7	18	2	70	8.88
7	18	3	71	7.23
7	18	4	72	5.09
7	19	1	73	5.93
7	19	2	74	8.29
7	19	3	75	6.76
7	19	4	76	11.96
7	20	1	77	1.76
7	20	2	78	3.56
7	20	3	79	0.69
7	20	4	80	0.33
7	21	1	81	NA
7	21	2	82	NA
7	21	3	83	NA
7	21	4	84	NA
7	22	1	85	11.56
7	22	2	86	11.93
7	22	3	87	7.49
7	22	4	88	7.89
7	23	1	89	9.33
7	23	2	90	8.03
7	23	3	91	8.09
7	23	4	92	6.34
7	24	1	93	1.6
7	24	2	94	3.49
7	24	3	95	3.44
7	24	4	96	1.83
8	1	1	1	15.52
8	1	2	2	12.65
8	1	3	3	11.39
8	1	4	4	13.32
8	2	1	5	13.05
8	2	2	6	17.12
8	2	3	7	7.25
8	2	4	8	14.65
8	3	1	9	11.72
8	3	2	10	3.32
8	3	3	11	14.92
8	3	4	12	2.65
8	4	1	13	16.85
8	4	2	14	14.12
8	4	3	15	23.65
8	4	4	16	11.52
8	5	1	17	1.99
8	5	2	18	4.59
8	5	3	19	3.22
8	5	4	20	1.99
8	6	1	21	1.65
8	6	2	22	0.92
8	6	3	23	5.05
8	6	4	24	3.52
8	7	1	25	6.05
8	7	2	26	8.12
8	7	3	27	7.12
8	7	4	28	7.72
8	8	1	29	7.65
8	8	2	30	1.09
8	8	3	31	2.45
8	8	4	32	0.39
8	9	1	33	0.72
8	9	2	34	0.29
8	9	3	35	0.59
8	9	4	36	NA
8	10	1	37	7.45
8	10	2	38	7.79
8	10	3	39	10.19
8	10	4	40	5.25
8	11	1	41	10.92
8	11	2	42	9.65
8	11	3	43	8.52
8	11	4	44	13.05
8	12	1	45	11.99
8	12	2	46	3.79
8	12	3	47	8.05
8	12	4	48	5.99
8	13	1	49	11.06
8	13	2	50	6.12
8	13	3	51	7.52
8	13	4	52	0.19
8	14	1	53	11.45
8	14	2	54	7.99
8	14	3	55	9.59
8	14	4	56	0.36
8	15	1	57	23.19
8	15	2	58	5.72
8	15	3	59	11.92
8	15	4	60	0.19
8	16	1	61	10.45
8	16	2	62	12.05
8	16	3	63	8.52
8	16	4	64	0.63
8	17	1	65	2.05
8	17	2	66	1.45
8	17	3	67	4.05
8	17	4	68	0.15
8	18	1	69	10.45
8	18	2	70	1.65
8	18	3	71	NA
8	18	4	72	1.05
8	19	1	73	12.12
8	19	2	74	6.52
8	19	3	75	7.25
8	19	4	76	0.19
8	20	1	77	1.79
8	20	2	78	2.32
8	20	3	79	8.65
8	20	4	80	0.2
8	21	1	81	NA
8	21	2	82	NA
8	21	3	83	NA
8	21	4	84	0.4
8	22	1	85	20.99
8	22	2	86	13.59
8	22	3	87	18.39
8	22	4	88	0.05
8	23	1	89	12.59
8	23	2	90	15.79
8	23	3	91	12.39
8	23	4	92	0.99
8	24	1	93	17.45
8	24	2	94	8.79
8	24	3	95	7.72
8	24	4	96	0.8
9	1	1	1	25.05
9	1	2	2	61.66
9	1	3	3	26.86
9	1	4	4	64.87
9	2	1	5	37.96
9	2	2	6	35.03
9	2	3	7	44.78
9	2	4	8	28
9	3	1	9	9.85
9	3	2	10	52.66
9	3	3	11	19.85
9	3	4	12	21.44
9	4	1	13	85.5
9	4	2	14	41.63
9	4	3	15	43.66
9	4	4	16	57.81
9	5	1	17	10.07
9	5	2	18	NA
9	5	3	19	9.54
9	5	4	20	8.52
9	6	1	21	20.92
9	6	2	22	32.59
9	6	3	23	13.38
9	6	4	24	23.14
9	7	1	25	28.72
9	7	2	26	57.19
9	7	3	27	40.13
9	7	4	28	24.48
9	8	1	29	23.74
9	8	2	30	16.91
9	8	3	31	25.94
9	8	4	32	NA
9	9	1	33	NA
9	9	2	34	0.74
9	9	3	35	0.61
9	9	4	36	0.73
9	10	1	37	14.17
9	10	2	38	25.36
9	10	3	39	10.56
9	10	4	40	22.61
9	11	1	41	45.85
9	11	2	42	62.53
9	11	3	43	23.93
9	11	4	44	45.59
9	12	1	45	7.87
9	12	2	46	10.97
9	12	3	47	11.92
9	12	4	48	16.4
9	13	1	49	27.94
9	13	2	50	63.35
9	13	3	51	28.72
9	13	4	52	44.37
9	14	1	53	23.2
9	14	2	54	63.64
9	14	3	55	41.89
9	14	4	56	48.49
9	15	1	57	39.14
9	15	2	58	58.47
9	15	3	59	58.21
9	15	4	60	45.15
9	16	1	61	19.85
9	16	2	62	48.06
9	16	3	63	50.55
9	16	4	64	98.49
9	17	1	65	15.58
9	17	2	66	13.68
9	17	3	67	19.78
9	17	4	68	29.29
9	18	1	69	61.1
9	18	2	70	45.37
9	18	3	71	70.65
9	18	4	72	26.68
9	19	1	73	46.4
9	19	2	74	50.81
9	19	3	75	27.39
9	19	4	76	55.17
9	20	1	77	35.19
9	20	2	78	10.6
9	20	3	79	52.36
9	20	4	80	54.79
9	21	1	81	4.03
9	21	2	82	NA
9	21	3	83	NA
9	21	4	84	1.51
9	22	1	85	77.78
9	22	2	86	46.43
9	22	3	87	74.99
9	22	4	88	38.42
9	23	1	89	25.37
9	23	2	90	71.76
9	23	3	91	61.38
9	23	4	92	45.4
9	24	1	93	17.52
9	24	2	94	47.11
9	24	3	95	23.3
9	24	4	96	28.85
10	1	1	1	10.895
10	1	2	2	21.71
10	1	3	3	42.3
10	1	4	4	21.76
10	2	1	5	17.92
10	2	2	6	13.72
10	2	3	7	10.115
10	2	4	8	6.2
10	3	1	9	4.425
10	3	2	10	12.655
10	3	3	11	10.115
10	3	4	12	12.95
10	4	1	13	33.13
10	4	2	14	20.2
10	4	3	15	43.17
10	4	4	16	31.325
10	5	1	17	2.95
10	5	2	18	5.36
10	5	3	19	5.4
10	5	4	20	5.64
10	6	1	21	8.15
10	6	2	22	5.79
10	6	3	23	13.05
10	6	4	24	11.55
10	7	1	25	13.87
10	7	2	26	9.285
10	7	3	27	20.41
10	7	4	28	12.555
10	8	1	29	1.872
10	8	2	30	1.248
10	8	3	31	2.96
10	8	4	32	18.3
10	9	1	33	0.052
10	9	2	34	NA
10	9	3	35	4.995
10	9	4	36	NA
10	10	1	37	4.325
10	10	2	38	4.735
10	10	3	39	8.71
10	10	4	40	13.52
10	11	1	41	27.97
10	11	2	42	14.42
10	11	3	43	10.54
10	11	4	44	33.595
10	12	1	45	2.352
10	12	2	46	10.37
10	12	3	47	2.72
10	12	4	48	9.9
10	13	1	49	19.08
10	13	2	50	31.095
10	13	3	51	35.615
10	13	4	52	49.39
10	14	1	53	2.46
10	14	2	54	16.83
10	14	3	55	40
10	14	4	56	20.36
10	15	1	57	27.94
10	15	2	58	17.08
10	15	3	59	54.09
10	15	4	60	19.71
10	16	1	61	8.54
10	16	2	62	10.335
10	16	3	63	28.21
10	16	4	64	18.51
10	17	1	65	14.336
10	17	2	66	8.53
10	17	3	67	2.268
10	17	4	68	4.1
10	18	1	69	8.56
10	18	2	70	12.705
10	18	3	71	19.84
10	18	4	72	22.18
10	19	1	73	24.48
10	19	2	74	26.93
10	19	3	75	61.46
10	19	4	76	12.295
10	20	1	77	1.582
10	20	2	78	12.945
10	20	3	79	4.7
10	20	4	80	10.03
10	21	1	81	0.26
10	21	2	82	2.112
10	21	3	83	NA
10	21	4	84	NA
10	22	1	85	32.28
10	22	2	86	14.76
10	22	3	87	18.54
10	22	4	88	16.05
10	23	1	89	13.28
10	23	2	90	16.01
10	23	3	91	15.44
10	23	4	92	50.36
10	24	1	93	9.09
10	24	2	94	19.04
10	24	3	95	7.545
10	24	4	96	16.12
11	1	1	1	26.36
11	1	2	2	60.33
11	1	3	3	23.9
11	1	4	4	73.646
11	2	1	5	41.86
11	2	2	6	49.99
11	2	3	7	43.128
11	2	4	8	36.56
11	3	1	9	9.849
11	3	2	10	47.97
11	3	3	11	12.149
11	3	4	12	30.028
11	4	1	13	76.129
11	4	2	14	42.112
11	4	3	15	53.03
11	4	4	16	89.721
11	5	1	17	18.036
11	5	2	18	22.3
11	5	3	19	23.988
11	5	4	20	18.84
11	6	1	21	45.348
11	6	2	22	17.8
11	6	3	23	30.27
11	6	4	24	26.431
11	7	1	25	27.968
11	7	2	26	62.303
11	7	3	27	55.678
11	7	4	28	26.656
11	8	1	29	1.03
11	8	2	30	49
11	8	3	31	10.187
11	8	4	32	6.3
11	9	1	33	19
11	9	2	34	10.558
11	9	3	35	11.023
11	9	4	36	8.699
11	10	1	37	27.304
11	10	2	38	41
11	10	3	39	27.34
11	10	4	40	33.72
11	11	1	41	56.603
11	11	2	42	71.649
11	11	3	43	26.988
11	11	4	44	46.698
11	12	1	45	6.86
11	12	2	46	12.317
11	12	3	47	10.134
11	12	4	48	23.566
11	13	1	49	25.648
11	13	2	50	54.491
11	13	3	51	26.967
11	13	4	52	36.553
11	14	1	53	42.633
11	14	2	54	68.36
11	14	3	55	42.87
11	14	4	56	50.28
11	15	1	57	42.633
11	15	2	58	57.201
11	15	3	59	55.01
11	15	4	60	40.376
11	16	1	61	23
11	16	2	62	40.122
11	16	3	63	54.93
11	16	4	64	89.895
11	17	1	65	34.86
11	17	2	66	18.13
11	17	3	67	28.06
11	17	4	68	25.964
11	18	1	69	61.19
11	18	2	70	49.988
11	18	3	71	68.244
11	18	4	72	20.14
11	19	1	73	45.668
11	19	2	74	43.006
11	19	3	75	39.398
11	19	4	76	69.443
11	20	1	77	34.011
11	20	2	78	11.003
11	20	3	79	22.63
11	20	4	80	64.383
11	21	1	81	5.1
11	21	2	82	2.013
11	21	3	83	10.243
11	21	4	84	10.01
11	22	1	85	71.96
11	22	2	86	41.512
11	22	3	87	75.312
11	22	4	88	51.969
11	23	1	89	26.59
11	23	2	90	75.388
11	23	3	91	28
11	23	4	92	69.03
11	24	1	93	29.968
11	24	2	94	42
11	24	3	95	26.98
11	24	4	96	36.79
12	1	1	1	22.713
12	1	2	2	65.481
12	1	3	3	27.1
12	1	4	4	64.39
12	2	1	5	35.1
12	2	2	6	45.033
12	2	3	7	44.401
12	2	4	8	26.7
12	3	1	9	9.6
12	3	2	10	52.202
12	3	3	11	18.9
12	3	4	12	21.968
12	4	1	13	80.101
12	4	2	14	42.72
12	4	3	15	48.683
12	4	4	16	77.811
12	5	1	17	9.888
12	5	2	18	9.1
12	5	3	19	10.002
12	5	4	20	8.863
12	6	1	21	36.01
12	6	2	22	16.301
12	6	3	23	12.988
12	6	4	24	23.932
12	7	1	25	23.201
12	7	2	26	65.64
12	7	3	27	27.391
12	7	4	28	24.18
12	8	1	29	24.183
12	8	2	30	43.701
12	8	3	31	25.708
12	8	4	32	0.755
12	9	1	33	1.013
12	9	2	34	0.48
12	9	3	35	0.701
12	9	4	36	NA
12	10	1	37	28.74
12	10	2	38	41.63
12	10	3	39	10.566
12	10	4	40	21.175
12	11	1	41	46.551
12	11	2	42	63.203
12	11	3	43	23.95
12	11	4	44	48.386
12	12	1	45	8.203
12	12	2	46	11.102
12	12	3	47	10.93
12	12	4	48	17.802
12	13	1	49	26.98
12	13	2	50	70.161
12	13	3	51	28.653
12	13	4	52	48.06
12	14	1	53	23.23
12	14	2	54	73.73
12	14	3	55	43.728
12	14	4	56	56
12	15	1	57	40.204
12	15	2	58	59.51
12	15	3	59	55.615
12	15	4	60	44.863
12	16	1	61	19.993
12	16	2	62	48.05
12	16	3	63	28.102
12	16	4	64	99.312
12	17	1	65	15.83
12	17	2	66	16.71
12	17	3	67	29.781
12	17	4	68	29.56
12	18	1	69	62.31
12	18	2	70	46.36
12	18	3	71	68.714
12	18	4	72	20.583
12	19	1	73	47.03
12	19	2	74	49.87
12	19	3	75	53.546
12	19	4	76	59.98
12	20	1	77	36.201
12	20	2	78	11.658
12	20	3	79	16.806
12	20	4	80	53.766
12	21	1	81	4.026
12	21	2	82	0.903
12	21	3	83	1.503
12	21	4	84	0.874
12	22	1	85	73.29
12	22	2	86	46.963
12	22	3	87	77.132
12	22	4	88	39.633
12	23	1	89	27.348
12	23	2	90	89.111
12	23	3	91	68.031
12	23	4	92	47.315
12	24	1	93	19.938
12	24	2	94	47.906
12	24	3	95	23.706
12	24	4	96	44.206